5.039684199579490098e+00
5.656854249492379694e+00
3.563594872561360205e+00
4.489848193237490293e+00
7.127189745122709752e+00
3.563594872561360205e+00
5.656854249492379694e+00
3.563594872561360205e+00
5.039684199579490098e+00
4.489848193237490293e+00
3.563594872561360205e+00
5.039684199579490098e+00
6.349604207872800110e+00
5.656854249492379694e+00
3.563594872561360205e+00
4.000000000000000000e+00
4.489848193237490293e+00
3.563594872561360205e+00
3.563594872561360205e+00
4.000000000000000000e+00
1.600000000000000000e+01
1.131370849898480024e+01
1.269920841574560022e+01
1.600000000000000000e+01
1.131370849898480024e+01
1.269920841574560022e+01
1.007936839915899974e+01
1.131370849898480024e+01
1.007936839915899974e+01
3.563594872561360205e+00
3.563594872561360205e+00
5.039684199579490098e+00
5.039684199579490098e+00
3.563594872561360205e+00
3.563594872561360205e+00
3.563594872561360205e+00
3.563594872561360205e+00
4.489848193237490293e+00
3.563594872561360205e+00
2.262741699796950101e+01
1.269920841574560022e+01
1.600000000000000000e+01
1.795939277295000025e+01
1.795939277295000025e+01
2.262741699796950101e+01
6.349604207872800110e+00
1.600000000000000000e+01
2.015873679831799947e+01
2.262741699796950101e+01
1.425437949024539996e+01
1.269920841574560022e+01
5.039684199579490098e+00
5.039684199579490098e+00
5.656854249492379694e+00
4.000000000000000000e+00
2.262741699796950101e+01
1.269920841574560022e+01
1.131370849898480024e+01
1.425437949024539996e+01
2.015873679831799947e+01
2.262741699796950101e+01
1.269920841574560022e+01
1.007936839915899974e+01
1.007936839915899974e+01
1.269920841574560022e+01
1.269920841574560022e+01
1.600000000000000000e+01
5.039684199579490098e+00
3.563594872561360205e+00
3.563594872561360205e+00
7.127189745122709752e+00
3.563594872561360205e+00
6.349604207872800110e+00
