4.000000000000000000e+00
4.000000000000000000e+00
4.000000000000000000e+00
4.000000000000000000e+00
4.000000000000000000e+00
4.000000000000000000e+00
4.000000000000000000e+00
4.000000000000000000e+00
5.656854249492379694e+00
5.656854249492379694e+00
4.000000000000000000e+00
5.656854249492379694e+00
5.656854249492379694e+00
5.656854249492379694e+00
5.656854249492379694e+00
5.656854249492379694e+00
5.656854249492379694e+00
5.656854249492379694e+00
7.127189745122709752e+00
8.000000000000000000e+00
8.000000000000000000e+00
8.000000000000000000e+00
8.000000000000000000e+00
4.000000000000000000e+00
4.000000000000000000e+00
4.000000000000000000e+00
4.000000000000000000e+00
4.000000000000000000e+00
4.000000000000000000e+00
7.127189745122709752e+00
4.000000000000000000e+00
5.656854249492379694e+00
5.656854249492379694e+00
5.656854249492379694e+00
5.656854249492379694e+00
5.656854249492379694e+00
5.656854249492379694e+00
5.656854249492379694e+00
5.656854249492379694e+00
5.656854249492379694e+00
5.656854249492379694e+00
5.656854249492379694e+00
2.828427124746189847e+00
2.828427124746189847e+00
2.828427124746189847e+00
2.828427124746189847e+00
2.828427124746189847e+00
2.828427124746189847e+00
8.000000000000000000e+00
4.000000000000000000e+00
8.724061861322059741e+00
4.362030930661029871e+00
4.362030930661029871e+00
4.362030930661029871e+00
4.362030930661029871e+00
1.131370849898480024e+01
3.084421650815880156e+00
3.084421650815880156e+00
3.084421650815880156e+00
3.084421650815880156e+00
3.084421650815880156e+00
3.084421650815880156e+00
3.084421650815880156e+00
3.084421650815880156e+00
3.084421650815880156e+00
5.656854249492379694e+00
5.656854249492379694e+00
5.656854249492379694e+00
5.656854249492379694e+00
5.656854249492379694e+00
5.656854249492379694e+00
2.828427124746189847e+00
2.828427124746189847e+00
2.828427124746189847e+00
5.656854249492379694e+00
5.656854249492379694e+00
5.656854249492379694e+00
5.656854249492379694e+00
5.656854249492379694e+00
5.656854249492379694e+00
5.656854249492379694e+00
5.656854249492379694e+00
3.084421650815880156e+00
3.084421650815880156e+00
3.084421650815880156e+00
5.656854249492379694e+00
5.656854249492379694e+00
5.656854249492379694e+00
5.656854249492379694e+00
1.425437949024539996e+01
2.181015465330519820e+00
2.181015465330519820e+00
2.181015465330519820e+00
2.181015465330519820e+00
2.181015465330519820e+00
2.181015465330519820e+00
6.168843301631760312e+00
8.724061861322059741e+00
8.724061861322059741e+00
