9.885043612343054065e-01
-1.011495638549290366e+00
-2.070389327891398068e+00
-2.070389327891398068e+00
-2.070389327891398068e+00
9.885043612343054065e-01
-2.070389327891398068e+00
-3.070389327891398068e+00
-1.011495638982098599e+00
1.573466861883327184e+00
-2.070389327891398068e+00
-1.149563876569425873e-02
-1.149563876569425873e-02
-1.011495638982098599e+00
-2.011495638549289922e+00
8.953949567706894763e-01
-3.070389327891397624e+00
-3.070389327891397624e+00
-9.319980478333787788e-02
8.953949567706891433e-01
-3.011495638549290366e+00
-1.011495638765694594e+00
8.953949567706891433e-01
9.885043612343054065e-01
-2.070389327891398068e+00
9.885043612343054065e-01
-2.070389327891398068e+00
-2.070389327891398068e+00
-2.070389327891398068e+00
-1.415127899670700184e+00
2.515387669959643913e-01
-7.484612330040353312e-01
-7.484612330040353312e-01
-3.070389327891397624e+00
-2.011495638549289922e+00
-1.149563876569425873e-02
-2.011495638549289922e+00
-1.149563876569425873e-02
-1.149563876569425873e-02
2.158429362604483259e+00
-1.149563876569425873e-02
-1.011495638982098599e+00
-1.149563854929000831e-02
-1.070389327891397624e+00
1.988504361234305851e+00
1.988504361234305851e+00
1.988504361234305851e+00
1.988504361234305851e+00
-1.011495638765694594e+00
9.885043612343054065e-01
-1.261495638765694149e+00
7.385043612343059616e-01
7.385043612343059616e-01
-1.998461233004034998e+00
-1.998461233004034998e+00
-3.011495638982109035e+00
-1.320389327891396514e+00
-1.320389327891396514e+00
7.385043610179027329e-01
7.385043610179027329e-01
7.385043610179027329e-01
7.385043610179027329e-01
7.385043610179027329e-01
-1.320389327891396514e+00
7.385043610179027329e-01
-1.011495638982098599e+00
-1.011495638982098599e+00
-1.011495638982098599e+00
-1.011495638982098599e+00
-1.011495638982098599e+00
-3.070389327891397624e+00
-1.070389327891397624e+00
-1.070389327891397624e+00
9.885043610179015117e-01
-1.011495638982098599e+00
-2.011495638549289922e+00
-7.484612330040353312e-01
-7.484612330040353312e-01
-7.484612330040353312e-01
-7.484612330040353312e-01
-7.484612330040353312e-01
-2.011495638549289922e+00
-2.614956385492887558e-01
-2.614956385492887558e-01
-2.614956385492887558e-01
-2.011495638549289922e+00
-2.011495638549289922e+00
8.953949567706894763e-01
8.953949567706894763e-01
-1.771271709895971602e+00
-6.765331381166787006e-01
2.001538766995958785e+00
2.001538766995958785e+00
2.001538766995958785e+00
2.001538766995958785e+00
2.001538766995958785e+00
-9.984612330040339989e-01
-1.998461233004034998e+00
-1.998461233004034998e+00
