9.301603749313659408e-01
3.526528114098490541e+00
1.941565613377338240e+00
1.186454116541372020e-02
-2.770279343267444627e+00
1.252088469818730454e+00
2.252088469818717353e+00
3.596827041598033237e+00
1.608232280043992990e+00
-7.365062917352951377e-01
9.301603749313552827e-01
1.596827041598033237e+00
2.585421803152057496e+00
1.941565613377334465e+00
-1.058434386622665535e+00
1.193194780765159502e+00
3.308671998185095831e+00
4.941565613377334465e+00
-2.058434386622665535e+00
9.301603749313659408e-01
1.941565613377334465e+00
3.642005331518430644e+00
1.859861447431824910e+00
-6.983962506863444775e-02
1.585421803152067044e+00
-6.433968874880914290e-01
1.526528114098494093e+00
-1.310063553938352721e+00
9.415656133773382397e-01
2.634937082647048623e-01
2.930160374931355172e+00
1.608232280044003426e+00
1.930160374931365608e+00
-1.058434386622661316e+00
1.526528114098494093e+00
3.941565613377334465e+00
2.941565613377334465e+00
1.941565613377338240e+00
-1.643396887055282862e+00
9.301603749313659408e-01
1.596827041598033237e+00
2.630600093072460233e+00
1.931947807651491766e-01
1.596827041598033237e+00
-8.068052192348508234e-01
3.930160374931355172e+00
1.263493708264704862e+00
1.931947807651491766e-01
-1.058434386622657319e+00
4.585421803152062381e+00
1.930160374931355394e+00
2.975338664851761017e+00
-1.321468792167922457e+00
2.263493708264696647e+00
1.011864541165415909e+00
1.941565613377338684e+00
-8.068052192348407203e-01
5.181789542319187092e+00
1.941565613377342681e+00
3.515122875652511247e+00
1.515122875652524348e+00
9.301603749313680503e-01
2.963933426405787053e+00
2.252088469818730232e+00
-6.983962506863192199e-02
1.930160374931365608e+00
3.930160374931365830e+00
4.252088469818728456e+00
8.598614474318269085e-01
4.642005331518426203e+00
-2.047029148176691127e+00
5.630539900658966257e-01
1.263493708264696647e+00
1.596827041598033237e+00
1.186454116541372020e-02
1.678531207832079541e+00
-2.058434386622661538e+00
1.274898946710670833e+00
2.859861447431827131e+00
2.634937082647048623e-01
6.082322800440058685e-01
