-1.237881246744690494e-01
-2.400537929583728580e+00
1.576651593524327044e+00
3.094331321279745507e-03
-3.067204596250393323e+00
-3.302390022284610871e-01
2.243318260190996227e+00
-6.720459625039770790e-02
-7.452765013630314739e-01
2.095452086588636409e-01
2.547234986369647514e-01
9.916890930917137137e-01
-9.001507314233846146e-02
-4.571214580078037937e-01
1.991689093091709939e+00
5.428785419921959843e-01
-4.119431680296986586e-01
8.762118753255269121e-01
1.576651593524327044e+00
1.921390165303633601e+00
-1.078609834696366399e+00
9.213901653036234984e-01
-8.269806673085445814e-01
-2.078609834696366399e+00
9.213901653036234984e-01
9.099849268576615247e-01
-7.452765013630371360e-01
2.433182601909858189e-01
-7.452765013630371360e-01
1.254723498636964862e+00
2.254723498636964862e+00
1.254723498636968637e+00
-1.745276501363031363e+00
2.547234986369647514e-01
-3.302390022284610871e-01
1.254723498636964862e+00
1.991689093091709939e+00
9.099849268576636341e-01
2.576651593524327044e+00
-2.078609834696363734e+00
1.730193326914553631e-01
1.243318260190996005e+00
2.884965501113872510e-01
9.099849268576574168e-01
-7.566817398090014413e-01
1.909984926857661636e+00
-7.860983469636632914e-02
-4.483678322194492583e-02
2.243318260190998448e+00
1.254723498636973078e+00
9.099849268576615247e-01
5.766515935243309299e-01
1.576651593524330819e+00
6.583557597583790111e-01
9.213901653036337125e-01
-1.756681739809001552e+00
5.880568319702992319e-01
1.621829883444715570e+00
5.766515935243351487e-01
-4.233484064756746768e-01
-1.493647333975207658e+00
5.880568319702992319e-01
1.955163216778055046e+00
5.766515935243252677e-01
5.880568319702992319e-01
-4.119431680297008236e-01
-1.078609834696366399e+00
5.766515935243309299e-01
-6.720459625039770790e-02
6.697609979879433073e-01
-7.452765013630312518e-01
1.576651593524327044e+00
1.173019332691455308e+00
