-5.069369678393873847e-03
-9.936641312324295816e-01
1.811036941268031386e+00
3.396692021009068974e-01
-3.826997464565762730e+00
1.811036941268031386e+00
1.006335868767576303e+00
-2.648925559453120915e+00
-1.524371827645622512e-01
3.006335868767576525e+00
1.339669202100908674e+00
-2.578626631665037028e+00
-6.603307978990970994e-01
1.339669202100906897e+00
-2.567221393435474841e+00
3.017741107213544272e+00
4.548002535434237714e+00
-1.993664131232429471e+00
-1.826997464565762730e+00
2.006335868767580521e+00
1.811036941268031386e+00
2.693702746013700300e-01
-3.982258892786455728e+00
-2.818191746453674873e-01
2.673002535434241267e+00
-1.524371827645622512e-01
-2.358888059885741573e+00
2.006335868767576081e+00
-9.822588927864536190e-01
-3.269974645657690027e-01
-2.637520321007148283e+00
-1.063963058731975053e+00
1.339669202100902901e+00
1.730025354342373534e-01
3.006335868767580521e+00
-3.567221393651879069e+00
3.351074440546879085e+00
2.693702746013644789e-01
1.684407773880213899e+00
3.926514158687967271e+00
6.730025354342310528e-01
-2.660330797899093103e+00
3.510744405468687601e-01
3.913226464376098779e+00
9.949306303216061131e-01
6.335868767580347949e-03
9.949306303216061131e-01
3.661597296988270855e+00
-4.095853654340486649e+00
1.774110721354448666e-02
3.339669202100908674e+00
6.730025354342412669e-01
-3.660330797899093103e+00
3.848474920213103001e-01
3.006335868767576081e+00
-7.739255594531246896e-01
-3.148925559453124912e+00
1.673002535434241267e+00
9.630400350016206090e-01
4.949306303215997294e-01
1.994930630321593235e+00
-2.818191746453674873e-01
-4.304186987673815246e+00
4.226074440546875088e+00
4.949306303215997294e-01
-1.648925559453120693e+00
4.339669202100908230e+00
1.339669202100906897e+00
-2.911959964998376282e+00
-9.822588927864555064e-01
2.548002535434237714e+00
1.051514158687960609e+00
-1.982258892786459725e+00
3.510744405468815832e-01
4.328263963654932489e+00
1.494930630321599674e+00
1.774110721354448666e-02
-1.982258892786453508e+00
6.730025354342412669e-01
1.006335868767580299e+00
6.730025354342438204e-01
