12.05745
24.24455
17.762050000000002
13.483600000000001
20.873649999999998
17.762050000000002
15.298700000000002
17.762050000000002
17.762050000000002
15.298700000000002
17.762050000000002
15.298700000000002
15.298700000000002
15.298700000000002
17.762050000000002
13.483600000000001
17.762050000000002
13.483600000000001
24.24455
13.483600000000001
17.762050000000002
20.873649999999998
17.762050000000002
17.762050000000002
15.298700000000002
17.762050000000002
15.298700000000002
13.483600000000001
24.24455
15.298700000000002
13.483600000000001
24.24455
13.483600000000001
15.298700000000002
24.24455
24.24455
17.762050000000002
13.483600000000001
24.24455
13.483600000000001
17.762050000000002
17.762050000000002
17.762050000000002
17.762050000000002
27.87475
15.298700000000002
20.873649999999998
15.298700000000002
15.298700000000002
20.873649999999998
12.05745
20.873649999999998
13.483600000000001
32.02354999999999
15.298700000000002
17.762050000000002
13.483600000000001
17.762050000000002
20.873649999999998
13.483600000000001
20.873649999999998
17.762050000000002
15.298700000000002
15.298700000000002
20.873649999999998
17.762050000000002
13.483600000000001
20.873649999999998
20.873649999999998
15.298700000000002
20.873649999999998
13.483600000000001
17.762050000000002