20.82275
11.428300000000002
11.428300000000002
15.59285
15.59285
10.0724
18.110950000000003
18.110950000000003
11.428300000000002
13.268450000000001
15.59285
32.7353
18.110950000000003
11.428300000000002
15.59285
18.110950000000003
13.268450000000001
18.110950000000003
27.79595
15.59285
32.7353
20.82275
13.268450000000001
18.110950000000003
15.59285
11.428300000000002
23.92195
32.7353
11.428300000000002
18.110950000000003
10.0724
15.59285
27.79595
13.268450000000001
23.92195
13.268450000000001
27.79595
15.59285
18.110950000000003
27.79595
15.59285
15.59285
20.82275
13.268450000000001
27.79595
23.92195
23.92195
23.92195
13.268450000000001
15.59285
20.82275
11.428300000000002
13.268450000000001
15.59285
18.110950000000003
20.82275
20.82275
13.268450000000001
15.59285
27.79595
20.82275
20.82275
18.110950000000003
18.110950000000003
15.59285
13.268450000000001
20.82275
13.268450000000001
18.110950000000003
13.268450000000001
15.59285
11.428300000000002
10.0724
18.110950000000003
13.268450000000001
13.268450000000001
15.59285
13.268450000000001
15.59285
11.428300000000002
15.59285