17.215899999999998
11.221699999999998
23.5586
17.215899999999998
17.215899999999998
20.0039
11.221699999999998
23.5586
17.215899999999998
17.215899999999998
13.033900000000001
13.033900000000001
17.215899999999998
17.215899999999998
14.985499999999998
23.5586
20.0039
20.0039
20.0039
20.0039
27.6012
13.033900000000001
13.033900000000001
20.0039
14.985499999999998
14.985499999999998
17.215899999999998
20.0039
13.033900000000001
23.5586
13.033900000000001
13.033900000000001
20.0039
20.0039
14.985499999999998
13.033900000000001
20.0039
13.033900000000001
13.033900000000001
20.0039
20.0039
14.985499999999998
20.0039
17.215899999999998
14.985499999999998
20.0039
20.0039
13.033900000000001
13.033900000000001
23.5586
23.5586
13.033900000000001
17.215899999999998
20.0039
17.215899999999998
23.5586
17.215899999999998
14.985499999999998
20.0039
11.221699999999998
13.033900000000001
17.215899999999998
17.215899999999998
20.0039
17.215899999999998
13.033900000000001
13.033900000000001
17.215899999999998
14.985499999999998
17.215899999999998
20.0039
17.215899999999998
14.985499999999998
20.0039
14.985499999999998
13.033900000000001
20.0039
17.215899999999998
20.0039
23.5586
13.033900000000001