21.378600000000002
31.2687
28.7712
24.675299999999996
31.2687
26.573400000000003
31.2687
28.7712
26.573400000000003
31.2687
31.2687
31.2687
26.573400000000003
31.2687
31.2687
31.2687
26.573400000000003
28.7712
31.2687
26.573400000000003
31.2687
26.573400000000003
31.2687
31.2687
31.2687
24.675299999999996
31.2687
22.977
31.2687
31.2687
21.378600000000002
31.2687
21.378600000000002
31.2687
22.977
31.2687
28.7712
28.7712
34.0659
28.7712
31.2687
26.573400000000003
31.2687
26.573400000000003
31.2687
24.675299999999996
26.573400000000003
31.2687
22.977
19.98
31.2687
31.2687
24.675299999999996
24.675299999999996
28.7712
28.7712
28.7712
24.675299999999996
28.7712
24.675299999999996
24.675299999999996
28.7712
24.675299999999996
31.2687
28.7712
26.573400000000003
19.98
19.98
31.2687
31.2687
31.2687
26.573400000000003
31.2687
28.7712
31.2687
28.7712
24.675299999999996
28.7712
28.7712
31.2687
24.675299999999996
31.2687
31.2687
28.7712
26.573400000000003
31.2687
22.977
21.378600000000002
34.0659
34.0659
34.0659
31.2687
26.573400000000003
31.2687
26.573400000000003
26.573400000000003
31.2687
31.2687
28.7712